57,0
56,3
56,2
56,1
56,0
55,3
55,2
55,1
55,0
54,3
54,2
54,1
54,0
53,7
53,6
53,5
53,4
53,3
53,2
53,1
53,0
49,3
49,2
49,1
49,0
45,3
45,2
45,1
45,0
39,3
39,2
39,1
39,0
38,3
38,2
38,1
38,0
37,5
37,4
37,3
37,2
37,1
37,0
36,5
36,4
36,3
36,2
36,1
36,0
35,4
35,3
35,2
35,1
35,0
34,4
34,3
34,2
34,1
34,0
32,3
32,2
32,1
32,0
31,3
31,2
31,1
31,0
29,3
29,2
29,1
29,0
16,3
16,2
16,1
16,0
15,3
15,2
15,1
15,0
10,3
10,2
10,1
10,0
7,3
7,2
7,1
7,0
4,3
3,6
3,5
3,4
3,3
3,2
2,6
2,5
2,4
2,3
2,2
2,1
2,0
1,3
1,2
0,438
0,437
0,410
0,324
0,243
0,9
0,0
0,1
0,403
0,300
0,402
0,299
0,401
0,298
0,426
0,297
0,400
0,296
0,399
0,295
0,398
0,294
0,397
0,293
0,425
0,292
0,396
0,291
0,395
0,290
0,394
0,289
0,424
0,288
0,393
0,287
0,392
0,286
0,391
0,285
0,423
0,284
0,390
0,283
0,389
0,282
0,388
0,281
0,422
0,280
0,387
0,279
0,386
0,278
0,385
0,277
0,433
0,276
0,384
0,275
0,383
0,274
0,382
0,273
0,421
0,272
0,381
0,271
0,380
0,270
0,379
57,1
57,2
72,0
72,1
72,3
73,0
73,2
74,0
74,1
74,3
74,4
74,6
74,8
74,9
74,11
74,12
75,0
75,1
75,3
76,1
76,2
77,0
77,1
77,3
78,1
78,2
81,0
81,1
81,3
102,0
102,2
104,0
104,1
104,3
106,0
106,2
108,0
108,1
108,3
110,0
110,2
110,3
111,1
111,3
111,4
113,1
113,2
114,0
114,2
114,3
115,1
115,2
116,0
116,2
116,3
117,1
117,2
118,0
118,1
118,3
119,1
119,2
120,0
120,1
120,3
121,1
121,2
121,4
122,0
122,2
122,3
123,0
123,2
123,3
124,0
124,1
124,3
125,0
125,1
125,3
125,4
139,1
139,2
140,0
140,2
140,3
141,1
141,2
142,0
142,2
142,3
143,1
143,2
144,0
144,2
144,3
146,1
146,2
147,0
147,1
147,3
148,1
148,2
149,0
149,1
149,3
150,1
150,2
150,4
150,5
151,0
151,1
151,3
152,1
152,2
155,0
155,1
155,3
168,1
168,2
169,0
169,1
169,3
170,0
170,2
172,0
172,1
172,3
174,0
174,2
174,4
175,0
175,2
175,3
175,5
178,0
178,2
179,0
179,1
179,3
179,4
179,6
179,8
179,9
180,1
180,2
180,4
181,1
181,2
182,0
182,1
182,3
182,4
183,1
183,3
184,0
184,2
184,3
184,4
184,1
183,2
183,0
182,2
181,3
181,0
180,3
180,0
179,7
179,5
179,2
178,3
178,1
175,4
175,1
174,3
174,1
172,2
170,3
170,1
169,2
168,3
168,0
155,2
152,3
152,0
151,2
150,7
150,3
150,0
149,2
148,3
148,0
147,2
146,3
146,0
144,1
143,3
143,0
142,1
141,3
141,0
140,1
139,3
139,0
125,2
124,4
124,2
123,4
123,1
122,4
122,1
121,3
121,0
120,2
119,3
119,0
118,2
117,3
117,0
116,1
115,3
115,0
114,1
113,3
113,0
111,2
111,0
110,1
108,2
106,3
106,1
104,2
102,3
102,1
81,2
78,3
78,0
77,2
76,3
76,0
75,2
74,13
74,10
74,7
74,5
74,2
73,3
73,1
72,2
57,3
0,269
0,420
0,268
0,378
0,267
0,377
0,266
0,376
0,265
0,375
0,264
0,419
0,263
0,374
0,262
0,373
0,261
0,372
0,260
0,418
0,259
0,371
0,258
0,370
0,257
0,369
0,256
0,368
0,255
0,417
0,254
0,367
0,253
0,366
0,252
0,365
0,251
0,364
0,250
0,416
0,249
0,363
0,248
0,362
0,247
0,361
0,246
0,360
0,245
0,415
0,244
0,359
0,242
0,358
0,241
0,357
0,240
0,356
0,239
0,432
0,238
0,355
0,237
0,354
0,236
0,353
0,235
0,352
0,234
0,351
0,233
0,414
0,232
0,350
0,231
0,349
0,230
0,413
0,229
0,348
0,228
0,347
0,227
0,346
0,226
0,435
0,225
0,345
0,224
0,344
0,223
0,412
0,222
0,343
0,221
0,342
0,220
0,411
0,219
0,341
0,218
0,431
0,217
0,340
0,216
0,339
0,215
0,409
0,214
0,338
0,213
0,430
0,212
0,337
0,211
0,336
0,210
0,335
0,209
0,334
0,208
0,333
0,207
0,332
0,206
0,331
0,205
0,429
0,204
0,408
0,203
0,330
0,202
0,329
0,201
0,440
0,200
0,328
0,199
0,327
0,198
0,407
0,197
0,326
0,196
0,325
0,195
0,323
0,194
0,406
0,193
0,322
0,192
0,321
0,63
0,320
0,62
0,319
0,61
0,318
0,60
0,405
0,59
0,404
0,58
0,317
0,57
0,316
0,56
0,428
0,55
0,315
0,54
0,314
0,53
0,427
0,52
0,313
0,51
0,312
0,50
0,311
0,49
0,310
0,48
0,309
0,47
0,308
0,46
0,307
0,45
0,301
0,6
0,5
0,304
0,303
0,306
0,305
0,302
0,12
0,436
0,10
0,8
0,11
0,4
0,2
0,3
0,7
